93,3
93,0
58,1
58,3
58,0
57,1
57,3
57,0
92,3
92,0
89,1
89,3
89,0
91,1
91,3
91,0
94,3
0,441
94,0
64,6
64,3
0,438
64,0
0,9
0,310
0,305
0,308
0,304
0,303
0,302
0,307
0,12
0,437
0,10
0,8
0,0
0,347
0,300
0,335
0,299
0,374
0,298
0,366
0,297
0,411
0,296
0,349
0,295
0,429
0,294
0,358
0,293
0,320
0,292
0,390
0,291
0,419
0,290
0,331
0,289
0,345
0,288
0,337
0,287
0,402
0,286
0,319
0,285
0,367
0,284
0,382
0,283
0,412
0,282
0,328
0,281
0,378
0,280
0,311
0,279
0,278
0,425
0,277
0,389
0,276
0,306
0,275
0,407
0,274
0,370
0,273
0,433
0,272
0,368
0,271
0,352
0,270
0,400
0,269
0,379
0,268
0,362
0,267
0,416
0,266
0,446
0,265
0,381
0,264
0,396
0,263
0,408
0,262
0,375
0,261
0,365
0,260
0,423
0,259
0,385
0,258
0,394
0,257
0,424
0,256
0,315
0,255
0,422
0,254
0,414
0,253
0,428
0,252
0,435
0,251
0,356
0,250
0,301
0,249
0,323
0,248
0,401
0,247
0,399
0,246
0,354
0,245
0,434
0,244
0,445
0,242
0,363
0,241
0,332
0,240
0,324
0,239
0,403
0,238
0,318
0,237
0,447
0,236
0,344
0,235
0,373
0,234
0,233
0,360
0,232
0,395
0,231
0,350
0,230
0,404
0,229
0,409
0,228
0,339
0,227
0,377
0,226
0,353
0,225
0,380
0,224
0,325
0,223
0,313
0,222
0,430
0,221
0,369
0,220
0,405
0,219
0,348
0,218
0,326
0,217
0,388
0,216
0,393
0,215
0,309
0,214
0,340
0,213
0,346
0,212
0,329
0,211
0,371
0,210
0,426
0,209
0,355
0,208
0,442
0,207
0,334
0,206
0,443
0,205
0,342
0,204
0,312
0,203
0,417
0,202
0,336
0,201
0,327
0,200
0,351
0,199
0,330
0,198
0,343
0,197
0,333
0,196
0,431
0,195
0,398
0,194
0,338
0,193
0,439
0,192
